ИНФОРМАЦИЯ ОБ УДАЛЕНИИ ВЫБРОСОВ
==================================================

Исходное количество строк: 10044
Удалено строк: 777
Осталось строк: 9267

Удаленные индексы:
[79, 80, 81, 82, 89, 90, 98, 99, 101, 293, 294, 295, 340, 341, 342, 343, 344, 395, 396, 397, 482, 486, 487, 488, 600, 601, 605, 656, 740, 741, 833, 834, 1011, 1012, 1013, 1014, 1037, 1038, 1039, 1059, 1169, 1170, 1171, 1208, 1209, 1210, 1232, 1233, 1234, 1237, 1240, 1241, 1242, 1253, 1254, 1255, 1262, 1263, 1264, 1349, 1350, 1351, 1402, 1418, 1419, 1420, 1607, 1608, 1676, 1677, 1678, 1706, 1707, 1708, 1745, 1746, 1747, 1763, 1764, 1765, 1781, 1782, 1783, 1832, 1833, 1834, 1922, 1923, 1924, 1925, 1926, 1927, 1985, 1986, 1987, 2008, 2009, 2010, 2011, 2012, 2013, 2014, 2015, 2016, 2017, 2018, 2019, 2020, 2021, 2022, 2023, 2024, 2025, 2026, 2027, 2028, 2029, 2030, 2031, 2032, 2033, 2034, 2035, 2036, 2037, 2038, 2039, 2040, 2041, 2042, 2043, 2044, 2045, 2046, 2047, 2048, 2049, 2050, 2051, 2052, 2053, 2054, 2055, 2056, 2057, 2058, 2059, 2060, 2061, 2062, 2063, 2064, 2065, 2066, 2067, 2068, 2069, 2070, 2071, 2072, 2073, 2074, 2075, 2076, 2077, 2078, 2079, 2080, 2081, 2082, 2083, 2084, 2085, 2086, 2087, 2088, 2089, 2090, 2091, 2092, 2093, 2094, 2095, 2096, 2097, 2098, 2099, 2100, 2101, 2102, 2103, 2104, 2105, 2106, 2107, 2108, 2109, 2110, 2111, 2112, 2113, 2114, 2115, 2116, 2117, 2118, 2119, 2120, 2121, 2122, 2123, 2124, 2125, 2126, 2127, 2128, 2129, 2130, 2131, 2132, 2133, 2134, 2135, 2136, 2137, 2138, 2139, 2140, 2141, 2142, 2143, 2144, 2145, 2146, 2147, 2148, 2149, 2150, 2151, 2152, 2153, 2154, 2155, 2156, 2157, 2158, 2159, 2160, 2161, 2162, 2163, 2164, 2165, 2166, 2167, 2168, 2169, 2170, 2171, 2172, 2173, 2174, 2175, 2176, 2177, 2178, 2179, 2180, 2181, 2182, 2183, 2184, 2185, 2186, 2187, 2188, 2189, 2190, 2191, 2192, 2193, 2194, 2195, 2196, 2197, 2198, 2199, 2200, 2201, 2202, 2203, 2204, 2205, 2206, 2207, 2208, 2209, 2210, 2211, 2212, 2213, 2214, 2215, 2216, 2217, 2218, 2219, 2220, 2221, 2222, 2223, 2224, 2225, 2226, 2227, 2228, 2229, 2230, 2231, 2232, 2233, 2234, 2235, 2236, 2237, 2238, 2239, 2240, 2241, 2242, 2243, 2244, 2245, 2246, 2247, 2248, 2249, 2250, 2251, 2252, 2253, 2254, 2255, 2256, 2257, 2258, 2259, 2260, 2261, 2262, 2263, 2264, 2759, 2760, 2761, 2773, 2774, 2775, 2810, 2811, 2812, 2957, 3078, 3080, 3081, 3082, 3095, 3096, 3140, 3141, 3142, 3153, 3195, 3196, 3197, 3198, 3398, 3399, 3463, 3464, 3465, 3466, 3467, 3468, 3469, 3470, 3493, 3494, 3495, 3496, 3530, 3531, 3532, 3617, 3618, 3619, 3629, 3630, 3631, 3632, 3779, 3780, 3781, 3785, 3786, 3787, 3947, 3948, 3949, 3954, 3955, 3956, 3957, 3968, 3969, 3970, 3971, 4163, 4164, 4165, 4284, 4285, 4286, 4287, 4288, 4289, 4290, 4292, 4293, 4294, 4296, 4297, 4298, 4299, 4300, 4301, 4302, 4303, 4304, 4305, 4358, 4359, 4360, 4466, 4467, 4468, 4535, 4536, 4537, 4613, 4614, 4615, 4637, 4638, 4639, 4775, 4776, 4777, 4859, 4860, 4861, 5168, 5169, 5170, 5187, 5188, 5189, 5190, 5191, 5195, 5196, 5197, 5206, 5207, 5208, 5209, 5210, 5211, 5212, 5213, 5214, 5215, 5216, 5217, 5218, 5219, 5220, 5221, 5222, 5223, 5224, 5225, 5312, 5313, 5314, 5330, 5331, 5332, 5333, 5334, 5335, 5339, 5340, 5341, 5354, 5355, 5356, 5432, 5489, 5518, 5600, 5601, 5602, 5612, 5613, 5614, 5693, 5694, 5695, 5715, 5716, 5717, 5718, 5719, 5720, 5721, 5722, 5723, 5724, 5725, 5726, 5727, 5728, 5729, 5730, 5731, 5732, 5733, 5734, 5735, 5736, 5737, 5738, 5739, 5740, 5741, 5742, 5743, 5744, 5745, 5746, 5747, 5748, 5749, 5750, 5751, 5752, 5753, 5754, 5755, 5986, 5987, 5988, 5989, 5990, 5991, 5992, 5993, 5994, 5995, 5996, 5997, 5998, 5999, 6000, 6001, 6002, 6011, 6012, 6013, 6131, 6132, 6133, 6144, 6176, 6177, 6178, 6220, 6221, 6222, 6223, 6224, 6225, 6226, 6227, 6228, 6229, 6230, 6231, 6232, 6233, 6234, 6235, 6296, 6297, 6298, 6518, 6519, 6520, 6614, 6615, 6616, 6764, 6765, 6766, 6831, 6936, 6937, 6938, 7184, 7185, 7186, 7208, 7209, 7210, 7285, 7322, 7323, 7324, 7367, 7368, 7385, 7386, 7409, 7410, 7411, 7412, 7413, 7437, 7438, 7646, 7647, 7648, 7925, 7926, 7927, 7932, 7952, 7953, 7954, 7955, 7956, 7957, 7968, 7969, 7970, 7971, 7972, 7973, 7974, 7975, 8111, 8112, 8113, 8201, 8202, 8203, 8333, 8334, 8335, 8348, 8349, 8350, 8351, 8352, 8353, 8381, 8382, 8383, 8478, 8479, 8480, 8481, 8482, 8483, 8484, 8485, 8486, 8487, 8488, 8489, 8490, 8491, 8492, 8493, 8494, 8495, 8496, 8497, 8498, 8499, 8500, 8501, 8502, 8503, 8504, 8505, 8506, 8507, 8508, 8509, 8510, 8511, 8512, 8513, 8514, 8515, 8516, 8547, 8548, 8549, 8596, 8597, 8598, 8599, 8600, 8601, 8602, 8603, 8604, 8605, 8606, 8607, 8608, 8609, 8610, 8611, 8612, 8613, 8614, 8615, 8616, 8975, 8976, 8977, 9038, 9039, 9040, 9441, 9443, 9444, 9445, 9446, 9447, 9448, 9449, 9450, 9451, 9452, 9453, 9454, 9455, 9456, 9457, 9458, 9459, 9460, 9461, 9462, 9463, 9464, 9465, 9668, 9669, 9670, 9813, 9814]

Детали по столбцам:

ТЭА R1B:
  Количество выбросов: 32
  Процент выбросов: 0.32%
  Индексы выбросов: [7437, 7438, 8478, 8479, 8480, 8481, 8482, 8483, 8484, 8485, 8486, 8487, 8488, 8489, 8490, 8491, 8492, 8493, 8494, 8495, 8496, 8497, 8498, 8499, 8500, 8501, 8502, 8503, 8504, 8505, 8506, 8507]

ТЭА/КК Р1А:
  Количество выбросов: 44
  Процент выбросов: 0.44%
  Индексы выбросов: [396, 1038, 1170, 1233, 1263, 1350, 1419, 1677, 1707, 1746, 1926, 1986, 2085, 2760, 3081, 3141, 3618, 3780, 3786, 3948, 4164, 4293, 4359, 4467, 4614, 4638, 4776, 4860, 5169, 5196, 5334, 5694, 6012, 6132, 6519, 7185, 7209, 7323, 7926, 8112, 8202, 8334, 8382, 9669]

ТЭА/КК Р1В:
  Количество выбросов: 46
  Процент выбросов: 0.46%
  Индексы выбросов: [342, 1254, 1764, 1782, 1833, 1923, 3495, 3630, 4536, 5340, 5355, 6177, 6297, 6615, 6765, 7647, 8349, 8481, 8482, 8483, 8484, 8485, 8486, 8487, 8488, 8489, 8490, 8491, 8492, 8493, 8494, 8495, 8496, 8498, 8499, 8500, 8501, 8502, 8503, 8504, 8505, 8506, 8507, 8508, 8976, 9039]

донор R1A:
  Количество выбросов: 5
  Процент выбросов: 0.05%
  Индексы выбросов: [7409, 7410, 7411, 7412, 7413]

донор R1B:
  Количество выбросов: 36
  Процент выбросов: 0.36%
  Индексы выбросов: [7409, 7410, 7411, 7412, 7413, 8478, 8479, 8480, 8481, 8482, 8483, 8484, 8485, 8486, 8487, 8488, 8489, 8490, 8491, 8492, 8493, 8494, 8495, 8496, 8497, 8498, 8499, 8500, 8501, 8502, 8503, 8504, 8505, 8506, 8507, 8508]

донор/КК Р1А:
  Количество выбросов: 39
  Процент выбросов: 0.39%
  Индексы выбросов: [396, 1038, 1170, 1233, 1263, 1350, 1419, 1677, 1746, 1926, 2760, 3081, 3141, 3618, 3780, 3786, 3948, 4164, 4359, 4467, 4614, 4638, 4776, 4860, 5169, 5196, 5334, 5694, 6012, 6132, 6519, 7185, 7209, 7323, 7926, 8112, 8202, 8334, 8382]

донор/КК З1В:
  Количество выбросов: 41
  Процент выбросов: 0.41%
  Индексы выбросов: [342, 1254, 1764, 1782, 1923, 3495, 3630, 4536, 5340, 5355, 6177, 6297, 6615, 6765, 7647, 8349, 8483, 8484, 8485, 8486, 8487, 8488, 8489, 8491, 8492, 8493, 8494, 8495, 8496, 8498, 8499, 8500, 8501, 8502, 8503, 8504, 8505, 8506, 8508, 8976, 9039]

нефрас R1A:
  Количество выбросов: 414
  Процент выбросов: 4.12%
  Индексы выбросов: [1011, 1012, 1013, 1014, 1402, 1607, 1608, 2008, 2009, 2010, 2011, 2012, 2013, 2014, 2015, 2016, 2017, 2018, 2019, 2020, 2021, 2022, 2023, 2024, 2025, 2026, 2027, 2028, 2029, 2030, 2031, 2032, 2033, 2034, 2035, 2036, 2037, 2038, 2039, 2040, 2041, 2042, 2043, 2044, 2045, 2046, 2047, 2048, 2049, 2050, 2051, 2052, 2053, 2054, 2055, 2056, 2057, 2058, 2059, 2060, 2061, 2062, 2063, 2064, 2065, 2066, 2067, 2068, 2069, 2070, 2071, 2072, 2073, 2074, 2075, 2076, 2077, 2078, 2079, 2080, 2081, 2082, 2083, 2084, 2085, 2086, 2087, 2088, 2089, 2090, 2091, 2092, 2093, 2094, 2095, 2096, 2097, 2098, 2099, 2100, 2101, 2102, 2103, 2104, 2105, 2106, 2107, 2108, 2109, 2110, 2111, 2112, 2113, 2114, 2115, 2116, 2117, 2118, 2119, 2120, 2121, 2122, 2123, 2124, 2125, 2126, 2127, 2128, 2129, 2130, 2131, 2132, 2133, 2134, 2135, 2136, 2137, 2138, 2139, 2140, 2141, 2142, 2143, 2144, 2145, 2146, 2147, 2148, 2149, 2150, 2151, 2152, 2153, 2154, 2155, 2156, 2157, 2158, 2159, 2160, 2161, 2162, 2163, 2164, 2165, 2166, 2167, 2168, 2169, 2170, 2171, 2172, 2173, 2174, 2175, 2176, 2177, 2178, 2179, 2180, 2181, 2182, 2183, 2184, 2185, 2186, 2187, 2188, 2189, 2190, 2191, 2192, 2193, 2194, 2195, 2196, 2197, 2198, 2199, 2200, 2201, 2202, 2203, 2204, 2205, 2206, 2207, 2208, 2209, 2210, 2211, 2212, 2213, 2214, 2215, 2216, 2217, 2218, 2219, 2220, 2221, 2222, 2223, 2224, 2225, 2226, 2227, 2228, 2229, 2230, 2231, 2232, 2233, 2234, 2235, 2236, 2237, 2238, 2239, 2240, 2241, 2242, 2243, 2244, 2245, 2246, 2247, 2248, 2249, 2250, 2251, 2252, 2253, 2254, 2255, 2256, 2257, 2258, 2259, 2260, 2261, 2262, 2263, 2264, 2810, 2811, 2812, 3463, 3464, 3465, 3466, 3467, 3468, 3469, 3968, 3969, 3970, 3971, 5187, 5188, 5189, 5190, 5191, 5206, 5207, 5208, 5209, 5210, 5211, 5212, 5213, 5214, 5215, 5216, 5217, 5218, 5219, 5220, 5221, 5222, 5223, 5224, 5225, 5432, 5489, 5518, 5715, 5716, 5717, 5718, 5719, 5720, 5721, 5722, 5723, 5724, 5725, 5726, 5727, 5728, 5729, 5730, 5731, 5732, 5733, 5734, 5735, 5736, 5737, 5738, 5739, 5740, 5741, 5742, 5743, 5744, 5745, 5746, 5747, 5748, 5749, 5750, 5751, 5752, 5753, 5754, 5755, 5986, 5987, 5988, 5989, 5990, 5991, 5992, 5993, 5994, 5995, 5996, 5997, 5998, 5999, 6000, 6001, 6002, 6220, 6221, 6222, 6223, 6224, 6225, 6226, 6227, 6228, 6229, 6230, 6231, 6232, 6233, 6234, 6235, 8348, 8351, 8352, 8353, 8596, 8597, 8598, 8599, 8600, 8601, 8602, 8603, 8604, 8605, 8606, 8607, 8608, 8609, 8610, 8611, 8612, 8613, 8614, 8615, 8616, 9441, 9448, 9449, 9456, 9459, 9460, 9463, 9464, 9465]

нефрас R1B:
  Количество выбросов: 246
  Процент выбросов: 2.45%
  Индексы выбросов: [1011, 1012, 1013, 1014, 2184, 2185, 2186, 2187, 2188, 2189, 2190, 2191, 2192, 2193, 2194, 2195, 2196, 2197, 2198, 2199, 2200, 2201, 2202, 2203, 2204, 2205, 2206, 2207, 2208, 2209, 2210, 2211, 2212, 2213, 2214, 2215, 2216, 2217, 2218, 2219, 2220, 2221, 2222, 2223, 2224, 2225, 2226, 2227, 2228, 2229, 2230, 2231, 2232, 2233, 2234, 2235, 2236, 2237, 2238, 2239, 2240, 2241, 2242, 2243, 2244, 2245, 2246, 2247, 2248, 2249, 2250, 2251, 2252, 2253, 2254, 2255, 2256, 2257, 2258, 2259, 2260, 2261, 2262, 2810, 2811, 2812, 3463, 3464, 3465, 3466, 3467, 3468, 3469, 3968, 3969, 3970, 3971, 5187, 5188, 5189, 5190, 5191, 5206, 5207, 5208, 5209, 5210, 5211, 5212, 5213, 5214, 5215, 5216, 5217, 5218, 5219, 5220, 5221, 5222, 5223, 5224, 5717, 5718, 5719, 5720, 5721, 5722, 5723, 5724, 5725, 5726, 5727, 5728, 5729, 5730, 5731, 5732, 5733, 5734, 5735, 5736, 5737, 5738, 5739, 5740, 5741, 5742, 5743, 5744, 5745, 5746, 5747, 5748, 5749, 5750, 5751, 5752, 5753, 5754, 5755, 5986, 5987, 5988, 5989, 5990, 5991, 5992, 5993, 5994, 5995, 5996, 6220, 6221, 6222, 6223, 6224, 6225, 6226, 6227, 6228, 6229, 6230, 6231, 6232, 6233, 6234, 8478, 8479, 8480, 8481, 8482, 8483, 8484, 8485, 8486, 8487, 8488, 8489, 8490, 8491, 8492, 8493, 8494, 8495, 8496, 8497, 8498, 8499, 8500, 8501, 8502, 8503, 8504, 8505, 8506, 8507, 8508, 8509, 8510, 8511, 8512, 8513, 8514, 8515, 8516, 8596, 8597, 8598, 8599, 8600, 8601, 8602, 8603, 8604, 8605, 8606, 8607, 8608, 8609, 8610, 8611, 8612, 8613, 8614, 8615, 8616]

ПП/нр Р1А:
  Количество выбросов: 26
  Процент выбросов: 0.26%
  Индексы выбросов: [3463, 3464, 3469, 9443, 9444, 9445, 9446, 9447, 9448, 9449, 9450, 9451, 9452, 9453, 9454, 9455, 9456, 9457, 9458, 9459, 9460, 9461, 9462, 9463, 9464, 9465]

ПП/нр Р1В:
  Количество выбросов: 9
  Процент выбросов: 0.09%
  Индексы выбросов: [8478, 8479, 8483, 8489, 8490, 8504, 8505, 8506, 8507]

водород R1A:
  Количество выбросов: 16
  Процент выбросов: 0.16%
  Индексы выбросов: [1011, 1012, 2811, 3464, 3465, 3466, 3467, 3468, 3969, 8596, 8597, 8598, 8599, 8600, 8601, 8602]

водород R1B:
  Количество выбросов: 44
  Процент выбросов: 0.44%
  Индексы выбросов: [3463, 3464, 3465, 3466, 3467, 3468, 8478, 8479, 8480, 8481, 8482, 8483, 8484, 8485, 8486, 8487, 8488, 8489, 8490, 8491, 8492, 8493, 8494, 8495, 8496, 8497, 8498, 8499, 8500, 8501, 8502, 8503, 8504, 8505, 8506, 8507, 8508, 8509, 8510, 8511, 8512, 8513, 8514, 8515]

Н2/ПП Р1В:
  Количество выбросов: 32
  Процент выбросов: 0.32%
  Индексы выбросов: [8479, 8480, 8481, 8482, 8483, 8484, 8485, 8486, 8487, 8488, 8489, 8490, 8491, 8492, 8493, 8494, 8495, 8496, 8497, 8498, 8499, 8500, 8501, 8502, 8503, 8504, 8505, 8506, 8507, 8508, 8509, 8510]

пропилен R1A:
  Количество выбросов: 128
  Процент выбросов: 1.27%
  Индексы выбросов: [1011, 1012, 1013, 2810, 2811, 2812, 3463, 3464, 3465, 3466, 3467, 3468, 3969, 3970, 3971, 5187, 5188, 5189, 5190, 5207, 5208, 5209, 5210, 5211, 5212, 5213, 5214, 5215, 5216, 5217, 5218, 5219, 5220, 5221, 5222, 5223, 5717, 5718, 5719, 5720, 5721, 5722, 5723, 5724, 5725, 5726, 5727, 5728, 5729, 5730, 5731, 5732, 5733, 5734, 5735, 5736, 5737, 5738, 5739, 5740, 5741, 5742, 5743, 5744, 5745, 5746, 5747, 5748, 5749, 5750, 5751, 5752, 5753, 5754, 6221, 6222, 6223, 6224, 6225, 6226, 6227, 6228, 6229, 6230, 6231, 6232, 6233, 8596, 8597, 8598, 8599, 8600, 8601, 8602, 8603, 8604, 8605, 8606, 8607, 8608, 8609, 8610, 8611, 8612, 8613, 9443, 9444, 9445, 9446, 9447, 9448, 9449, 9450, 9451, 9452, 9453, 9454, 9455, 9456, 9457, 9458, 9459, 9460, 9461, 9462, 9463, 9464, 9465]

пропилен R1B:
  Количество выбросов: 167
  Процент выбросов: 1.66%
  Индексы выбросов: [1011, 1012, 1013, 2810, 2811, 2812, 3463, 3464, 3465, 3466, 3467, 3468, 3969, 3970, 3971, 5187, 5188, 5189, 5190, 5207, 5208, 5209, 5210, 5211, 5212, 5213, 5214, 5215, 5216, 5217, 5218, 5219, 5220, 5221, 5222, 5717, 5718, 5719, 5720, 5721, 5722, 5723, 5724, 5725, 5726, 5727, 5728, 5729, 5730, 5731, 5732, 5733, 5734, 5735, 5736, 5737, 5738, 5739, 5740, 5741, 5742, 5743, 5744, 5745, 5746, 5747, 5748, 5749, 5750, 5751, 5752, 5753, 5754, 5755, 6221, 6222, 6223, 6224, 6225, 6226, 6227, 6228, 6229, 6230, 6231, 6232, 6233, 8478, 8479, 8480, 8481, 8482, 8483, 8484, 8485, 8486, 8487, 8488, 8489, 8490, 8491, 8492, 8493, 8494, 8495, 8496, 8497, 8498, 8499, 8500, 8501, 8502, 8503, 8504, 8505, 8506, 8507, 8508, 8509, 8510, 8511, 8512, 8513, 8514, 8515, 8516, 8596, 8597, 8598, 8599, 8600, 8601, 8602, 8603, 8604, 8605, 8606, 8607, 8608, 8609, 8610, 8611, 8612, 8613, 9443, 9444, 9445, 9446, 9447, 9448, 9449, 9450, 9451, 9452, 9453, 9454, 9455, 9456, 9457, 9458, 9459, 9460, 9461, 9462, 9463, 9464, 9465]

К R1A:
  Количество выбросов: 166
  Процент выбросов: 1.65%
  Индексы выбросов: [293, 294, 295, 395, 396, 397, 833, 834, 1037, 1038, 1039, 1169, 1170, 1171, 1232, 1233, 1234, 1242, 1262, 1263, 1264, 1349, 1350, 1351, 1418, 1419, 1420, 1676, 1677, 1678, 1706, 1707, 1708, 1745, 1746, 1747, 1925, 1926, 1927, 1985, 1986, 1987, 2084, 2085, 2086, 2759, 2760, 2761, 2775, 3080, 3081, 3082, 3140, 3141, 3142, 3617, 3618, 3619, 3779, 3780, 3781, 3785, 3786, 3787, 3947, 3948, 3949, 3957, 4163, 4164, 4165, 4284, 4285, 4286, 4287, 4288, 4289, 4290, 4293, 4296, 4297, 4298, 4299, 4300, 4301, 4302, 4303, 4304, 4305, 4358, 4359, 4360, 4466, 4467, 4468, 4613, 4614, 4615, 4637, 4638, 4639, 4775, 4776, 4777, 4859, 4860, 4861, 5168, 5169, 5170, 5195, 5196, 5197, 5312, 5313, 5314, 5333, 5334, 5335, 5600, 5601, 5602, 5612, 5613, 5614, 5693, 5694, 5695, 6011, 6012, 6013, 6131, 6132, 6133, 6144, 6518, 6519, 6520, 6831, 7184, 7185, 7186, 7208, 7209, 7210, 7322, 7323, 7324, 7925, 7926, 7927, 8111, 8112, 8113, 8201, 8202, 8203, 8333, 8334, 8335, 8381, 8382, 8383, 9668, 9669, 9670]

К R1B:
  Количество выбросов: 106
  Процент выбросов: 1.06%
  Индексы выбросов: [340, 341, 342, 343, 344, 1059, 1208, 1209, 1210, 1253, 1254, 1255, 1763, 1764, 1765, 1781, 1782, 1783, 1832, 1833, 1834, 1922, 1923, 1924, 3078, 3399, 3493, 3494, 3495, 3496, 3530, 3531, 3532, 3629, 3630, 3631, 3632, 4535, 4536, 4537, 5330, 5331, 5332, 5339, 5340, 5341, 5354, 5355, 5356, 6176, 6177, 6178, 6296, 6297, 6298, 6614, 6615, 6616, 6764, 6765, 6766, 7646, 7647, 7648, 7932, 8348, 8349, 8350, 8480, 8481, 8482, 8483, 8484, 8485, 8486, 8487, 8488, 8489, 8490, 8491, 8492, 8493, 8494, 8495, 8496, 8497, 8498, 8499, 8500, 8501, 8502, 8503, 8504, 8505, 8506, 8507, 8508, 8509, 8975, 8976, 8977, 9038, 9039, 9040, 9813, 9814]

давление R1A:
  Количество выбросов: 6
  Процент выбросов: 0.06%
  Индексы выбросов: [3465, 3466, 3467, 3468, 3469, 3470]

температура R1A:
  Количество выбросов: 28
  Процент выбросов: 0.28%
  Индексы выбросов: [79, 80, 81, 82, 89, 90, 98, 99, 101, 600, 601, 605, 656, 740, 741, 1240, 1241, 2773, 2774, 2957, 3195, 3196, 3197, 3198, 3954, 3955, 3956, 3957]

давление R1B:
  Количество выбросов: 35
  Процент выбросов: 0.35%
  Индексы выбросов: [3466, 3467, 3468, 3469, 3470, 8479, 8480, 8481, 8482, 8483, 8484, 8485, 8486, 8487, 8488, 8489, 8490, 8491, 8492, 8493, 8494, 8495, 8496, 8497, 8498, 8499, 8500, 8501, 8502, 8503, 8504, 8505, 8506, 8507, 8508]

температура R1B:
  Количество выбросов: 40
  Процент выбросов: 0.40%
  Индексы выбросов: [80, 1237, 3095, 3096, 3153, 3196, 3398, 3399, 4292, 4293, 4294, 8478, 8479, 8480, 8481, 8482, 8483, 8484, 8485, 8486, 8487, 8488, 8489, 8490, 8491, 8492, 8493, 8494, 8495, 8496, 8497, 8498, 8499, 8500, 8501, 8502, 8503, 8504, 8505, 8506]

Произв.:
  Количество выбросов: 123
  Процент выбросов: 1.22%
  Индексы выбросов: [482, 486, 487, 488, 2104, 2105, 2106, 2811, 3464, 3465, 3466, 3467, 3468, 5188, 5724, 5725, 5726, 5727, 5728, 5729, 5730, 5731, 5732, 5733, 5734, 5735, 5736, 5737, 5738, 5739, 5740, 5741, 5742, 5743, 5744, 5745, 6223, 6224, 6225, 6226, 6936, 6937, 6938, 7285, 7367, 7368, 7385, 7386, 7952, 7953, 7954, 7955, 7956, 7957, 7968, 7969, 7970, 7971, 7972, 7973, 7974, 7975, 8478, 8479, 8480, 8481, 8482, 8483, 8484, 8485, 8486, 8487, 8488, 8489, 8490, 8491, 8492, 8493, 8494, 8495, 8496, 8497, 8498, 8499, 8500, 8501, 8502, 8503, 8504, 8505, 8507, 8547, 8548, 8549, 8596, 8597, 8598, 8599, 8600, 8601, 8602, 8603, 8604, 8605, 8606, 8607, 8608, 8609, 8610, 8611, 8612, 9450, 9451, 9452, 9453, 9454, 9455, 9456, 9457, 9458, 9462, 9463, 9464]
