ИНФОРМАЦИЯ ОБ УДАЛЕНИИ ВЫБРОСОВ
==================================================

Исходное количество строк: 9946
Удалено строк: 333
Осталось строк: 9613

Удаленные индексы:
[84, 293, 294, 295, 340, 341, 342, 343, 394, 395, 655, 830, 831, 832, 1034, 1035, 1036, 1037, 1055, 1056, 1057, 1058, 1165, 1166, 1167, 1168, 1203, 1204, 1205, 1206, 1207, 1227, 1228, 1229, 1230, 1233, 1234, 1235, 1236, 1237, 1238, 1239, 1247, 1248, 1249, 1250, 1255, 1256, 1257, 1258, 1341, 1342, 1343, 1344, 1409, 1410, 1411, 1412, 1555, 1556, 1557, 1558, 1559, 1666, 1667, 1668, 1669, 1695, 1696, 1697, 1698, 1699, 1734, 1735, 1736, 1737, 1751, 1752, 1753, 1754, 1768, 1769, 1770, 1771, 1818, 1819, 1820, 1821, 1908, 1909, 1910, 1911, 1912, 1913, 1969, 1970, 1971, 1972, 1973, 2068, 2069, 2070, 2071, 2072, 2744, 2745, 2758, 2759, 2760, 2942, 3061, 3062, 3063, 3064, 3065, 3123, 3124, 3380, 3381, 3382, 3475, 3476, 3477, 3511, 3512, 3513, 3598, 3599, 3600, 3609, 3610, 3611, 3612, 3759, 3760, 3764, 3765, 3925, 3926, 3934, 4140, 4141, 4261, 4262, 4263, 4264, 4265, 4266, 4268, 4269, 4271, 4272, 4273, 4274, 4275, 4276, 4277, 4278, 4279, 4280, 4333, 4334, 4440, 4441, 4508, 4509, 4585, 4586, 4608, 4609, 4745, 4746, 4828, 4829, 5136, 5137, 5162, 5163, 5278, 5279, 5295, 5296, 5297, 5298, 5299, 5303, 5304, 5317, 5318, 5562, 5563, 5564, 5574, 5575, 5576, 5655, 5656, 5684, 5685, 5686, 5687, 5688, 5689, 5690, 5691, 5971, 5972, 5973, 5974, 6090, 6091, 6092, 6093, 6103, 6134, 6135, 6136, 6137, 6254, 6255, 6474, 6475, 6476, 6477, 6569, 6570, 6571, 6572, 6718, 6719, 6720, 6721, 6784, 6785, 6786, 7138, 7139, 7160, 7161, 7162, 7163, 7273, 7274, 7275, 7589, 7590, 7591, 7592, 7602, 7867, 7868, 7869, 7873, 7874, 7875, 7906, 7907, 7908, 7994, 8036, 8052, 8053, 8054, 8055, 8141, 8142, 8143, 8144, 8272, 8273, 8274, 8275, 8286, 8287, 8288, 8289, 8318, 8319, 8320, 8321, 8415, 8502, 8503, 8504, 8505, 8506, 8507, 8508, 8509, 8510, 8511, 8512, 8513, 8514, 8515, 8516, 8517, 8518, 8655, 8878, 8879, 8880, 8881, 8915, 8940, 8941, 8942, 8943, 8977, 9349, 9350, 9351, 9352, 9353, 9354, 9355, 9356, 9357, 9358, 9359, 9360, 9361, 9362, 9363, 9364, 9365, 9366, 9367, 9570, 9571, 9572, 9715, 9716]

Детали по столбцам:

ТЭА/КК Р1А:
  Количество выбросов: 163
  Процент выбросов: 1.64%
  Индексы выбросов: [84, 293, 294, 295, 394, 395, 655, 830, 831, 832, 1034, 1035, 1036, 1037, 1165, 1166, 1167, 1168, 1227, 1228, 1229, 1230, 1235, 1236, 1237, 1238, 1239, 1255, 1256, 1257, 1258, 1341, 1342, 1343, 1344, 1409, 1410, 1411, 1412, 1666, 1667, 1668, 1669, 1695, 1696, 1697, 1698, 1699, 1734, 1735, 1736, 1737, 1910, 1911, 1912, 1913, 1969, 1970, 1971, 1972, 1973, 2068, 2069, 2070, 2071, 2072, 2744, 2745, 2758, 2759, 2760, 2942, 3064, 3065, 3123, 3124, 3598, 3599, 3600, 3759, 3760, 3764, 3765, 3925, 3926, 3934, 4140, 4141, 4268, 4269, 4333, 4334, 4440, 4441, 4585, 4586, 4608, 4609, 4745, 4746, 4828, 4829, 5136, 5137, 5162, 5163, 5298, 5299, 5562, 5563, 5564, 5574, 5575, 5576, 5655, 5656, 5685, 5686, 5687, 5688, 5689, 5691, 5971, 5972, 5973, 6091, 6092, 6475, 6476, 6784, 6785, 6786, 7138, 7139, 7161, 7162, 7274, 7275, 7868, 7869, 8053, 8054, 8142, 8143, 8273, 8274, 8319, 8320, 8505, 8506, 8507, 8508, 8509, 8510, 8511, 8512, 8513, 8515, 8516, 8517, 9570, 9571, 9572]

ТЭА/КК Р1В:
  Количество выбросов: 116
  Процент выбросов: 1.17%
  Индексы выбросов: [340, 341, 342, 343, 1055, 1056, 1057, 1058, 1203, 1204, 1205, 1206, 1207, 1233, 1234, 1235, 1236, 1237, 1238, 1239, 1247, 1248, 1249, 1250, 1555, 1556, 1557, 1558, 1559, 1751, 1752, 1753, 1754, 1768, 1769, 1770, 1771, 1818, 1819, 1820, 1821, 1908, 1909, 1910, 1911, 2942, 3061, 3062, 3063, 3380, 3381, 3382, 3475, 3476, 3477, 3511, 3512, 3513, 3609, 3610, 3611, 3612, 4508, 4509, 5295, 5296, 5297, 5303, 5304, 5317, 5318, 5684, 5685, 5686, 5687, 5688, 5689, 5690, 5691, 6134, 6135, 6136, 6254, 6255, 6570, 6571, 6719, 6720, 7590, 7591, 7873, 7874, 7875, 7907, 8287, 8288, 8289, 8415, 8505, 8506, 8507, 8508, 8509, 8510, 8511, 8512, 8513, 8514, 8515, 8516, 8517, 8879, 8880, 8941, 8942, 9715]

донор/КК Р1А:
  Количество выбросов: 161
  Процент выбросов: 1.62%
  Индексы выбросов: [293, 294, 295, 394, 395, 832, 1035, 1036, 1166, 1167, 1228, 1229, 1237, 1255, 1256, 1257, 1342, 1343, 1410, 1411, 1667, 1668, 1696, 1697, 1698, 1735, 1736, 1911, 1912, 1969, 1970, 1971, 1972, 1973, 2068, 2069, 2070, 2071, 2072, 2744, 2745, 2759, 2760, 2942, 3064, 3065, 3123, 3124, 3598, 3599, 3600, 3759, 3760, 3764, 3765, 3925, 3926, 3934, 4140, 4141, 4268, 4269, 4333, 4334, 4440, 4441, 4585, 4586, 4608, 4609, 4745, 4746, 4828, 4829, 5136, 5137, 5162, 5163, 5298, 5299, 5562, 5563, 5564, 5574, 5575, 5576, 5655, 5656, 5971, 5972, 5973, 5974, 6090, 6091, 6092, 6093, 6474, 6475, 6476, 6477, 6784, 6785, 6786, 7138, 7139, 7160, 7161, 7162, 7163, 7273, 7274, 7275, 7867, 7868, 7869, 8052, 8053, 8054, 8055, 8141, 8142, 8143, 8144, 8272, 8273, 8274, 8275, 8318, 8319, 8320, 8321, 8503, 8504, 8505, 8506, 8507, 8508, 8509, 8510, 8511, 8512, 8513, 8514, 8515, 8516, 8517, 8518, 9349, 9352, 9353, 9357, 9358, 9359, 9361, 9362, 9363, 9366, 9367, 9570, 9571, 9572]

донор/КК З1В:
  Количество выбросов: 120
  Процент выбросов: 1.21%
  Индексы выбросов: [341, 342, 1056, 1204, 1205, 1206, 1248, 1249, 1250, 1557, 1752, 1753, 1769, 1770, 1819, 1820, 1909, 1910, 2942, 3061, 3062, 3063, 3380, 3381, 3382, 3475, 3476, 3477, 3511, 3512, 3513, 3610, 3611, 4508, 4509, 5295, 5296, 5297, 5303, 5304, 5317, 5318, 6134, 6135, 6136, 6137, 6254, 6255, 6569, 6570, 6571, 6572, 6718, 6719, 6720, 6721, 7589, 7590, 7591, 7592, 7602, 7873, 7874, 7875, 7906, 7907, 7908, 7994, 8036, 8286, 8287, 8288, 8289, 8502, 8503, 8504, 8505, 8506, 8507, 8508, 8509, 8510, 8511, 8512, 8513, 8514, 8515, 8516, 8517, 8518, 8655, 8878, 8879, 8880, 8881, 8915, 8940, 8941, 8942, 8943, 8977, 9349, 9350, 9351, 9352, 9353, 9354, 9355, 9356, 9357, 9358, 9359, 9360, 9361, 9362, 9363, 9364, 9365, 9366, 9367]

К R1A:
  Количество выбросов: 125
  Процент выбросов: 1.26%
  Индексы выбросов: [293, 294, 295, 394, 395, 831, 832, 1035, 1036, 1166, 1167, 1228, 1229, 1237, 1256, 1257, 1342, 1343, 1410, 1411, 1667, 1668, 1696, 1697, 1698, 1735, 1736, 1911, 1912, 1970, 1971, 1972, 2069, 2070, 2071, 2744, 2745, 2759, 3064, 3065, 3123, 3124, 3598, 3599, 3600, 3759, 3760, 3764, 3765, 3925, 3926, 3934, 4140, 4141, 4261, 4262, 4263, 4264, 4265, 4266, 4271, 4272, 4273, 4274, 4275, 4276, 4277, 4278, 4279, 4280, 4333, 4334, 4440, 4441, 4585, 4586, 4608, 4609, 4745, 4746, 4828, 4829, 5136, 5137, 5162, 5163, 5278, 5279, 5298, 5299, 5562, 5563, 5564, 5574, 5575, 5576, 5655, 5656, 5972, 5973, 6091, 6092, 6103, 6475, 6476, 6785, 7138, 7139, 7161, 7162, 7274, 7275, 7868, 7869, 8053, 8054, 8142, 8143, 8273, 8274, 8319, 8320, 9570, 9571, 9572]

К R1B:
  Количество выбросов: 58
  Процент выбросов: 0.58%
  Индексы выбросов: [340, 341, 342, 343, 1056, 1204, 1205, 1206, 1248, 1249, 1752, 1753, 1769, 1770, 1819, 1820, 1821, 1909, 1910, 3062, 3381, 3475, 3476, 3477, 3511, 3512, 3513, 3610, 3611, 3612, 4508, 4509, 5295, 5296, 5297, 5303, 5304, 5317, 5318, 6135, 6136, 6254, 6255, 6570, 6571, 6719, 6720, 7590, 7591, 7874, 8287, 8288, 8879, 8880, 8941, 8942, 9715, 9716]
